29362245
2111
1092
1254
1900
2279
2281
15
2039
1902
1400
1468
1097
902
1464
1584
1295
1907
931
1604
45
11
10
960
1461
916
44
60
41
62
14
12
26
1227
916
12
8
6
7
533
544
748
721
1208
990
1050
1040
5829
17952
12309
6309
3849
1167
5284
2923
501
521
722
919
1184
2035
14902
1366
950
992
742
1130
769
650
683
621
699
764
633
44082
539
295
278
477
566
682
652
742
734
959
914
931
792
964
394
365
358
866
358
695
808
776
737
919
889
835
802
781
748
779
957
835
735
952
2297
3010
968
1014
1001
1026
754
1589
1670
204
212
216
207
217
202
208
216
221
122
96
97
90
67
66
69
74
96
345
250
123
63
1720
585
558
594
537
568
588
538
530
564
540
557
541
566
529
851
701
698
877
1002
814
123
264
9390
1950
1791
